$ANSIBLE_VAULT;1.1;AES256
31643235623536353738666131656366356165383761626234323962343061363965613934613431
3961333730636564333033613538386561313266393830370a343935386239643961653062366362
38303734623262633462356566633639323065623338373763363035653664306134643430313732
6532393966376661330a316533346636666437646361326232303565373864393966616664313537
37343135646263623936363239316533613336353538313966356439663234343039346139363131
32633234366139316131663331633062636236303966326532396262666333343465373332373061
31386561303130386163393664636536316138396364383532346361393331646565653239303962
62346664323731336263613763363533313566333235343531636634653332353938373031623937
34613737353239646338326337303366333339373837363135313333333636626231623634616561
35336533396433313131396530623161663863633036623164353130653931316566383435323339
31633436613666633132346338313037333639653036633835313835366238363561383137333665
63336162653330353338383665613732323262643764646330613238393933373666303438623038
36626236373361346237343833646563356437373565636535303037343165653137393637306139
66626230653334623733326136366639333831373865393563386362636462663831623234666462
37326131363361613166373132303839663862633839643039613631646334663264353263666538
31376235666336313532646166613139323162633634386564303539653836663665373839633236
31643663363831326431633363316139356330666433663563396637353331393263383132353034
66393938373061633939636132663933376133333766383763646437346135656530323136393465
31376134343138333263373235343562333438666536376563386662656637636235323566623438
63636463376636363636643066366536633738306134333061303331353961376236613163333431
37356262626336663433353363633731376639626665623230346532323532353835396464343736
61303935386232636662366435643365663364303565346238353763666131333834393033656338
36656531373765616161366262653765663334643730613762326332643632303436323038373634
37383836346635326237396564613262633033396333383266616432383232613031656239663832
37623131353639333631666662653339376135333730303032356465646332633939343836633537
32356532366266393937373731376262323866333635353536363463623962303830326532376634
32656538326265326363323530326561653537343965333538393663303461343033656264373166
37666263363438666337313961653532353436666634316565656439626535666130386239393330
36333431663463616632656434346464383037653162323038646666373637343863626163663761
34393563353766346339333766336533633334336437656664626264323138313164326230353762
32656338343161653662366334313065343737376561393039363034643661626630633338643866
62623335616537623737396162316661353735373538353264636466656662343866663264653637
39323534343763356561636134646630643437383134633837333536326665653362303162376432
35313961393634353535663064313764626336623863393539353332356561613335626238326632
61353730346237333761376236626361373831383530626636336464303764363835363831373533
39306539353439363335343561303961336562653135373366393039626461636633666535326230
30393332323661353231633439303664376232346538336136636466653434666231333765336436
31303233346233616631363864663638303238353139323933393732356632643532613564633461
36656433303932643038396465303062653664646235663636396561306331386165653466633336
33373063666462363361393939333464356563613330303732616539363032343161373235623237
36643966393531626532653839346465306539653766323433323966313762653764323661333439
37653830643265663639303361633061363337323064623936393331313139373236323837623639
35363537623739326665616365313037353165306361343861653739396261353034333839643564
63313235663532623534343364373737643462306266616431643264303865383738626566363766
66356335383639643564356631623261373731633931356232343734353836343933356465323632
65356438326438636430373164333337343435373562353532326436383239623161383235656430
33626133373338373037373933383837633061663461613335643933623161623164366137373339
30643666313233343764323636653132616336633634373965356130373734623365313236646630
64353835336439313337303535363439633130393432633465383263616132616261356139633937
39353065356138313839623262393461363931376531346331383031336562633833636634373162
63373664373966393364376337663865643533356234343836323733633330666163376433373665
31303230633832376234623436373934313438633932623039386364363032373235643033663331
32626364396636313064326138633464376464613066343234636336653463306635396562316265
64626431663137626131363632386535333336313737666637613930636164323037633561363230
32363439393834646631396335316430383262373164623034336465666532306535343663313132
37626335306366343562616564666339623435323239663232636163643236336464623031346565
34306337336236303461316334646639646164623937646439633064646334373363646535623530
61373065666232373031356330633232323965626637333133636361356634653135363032666336
66313937363831346531663766643530326233333137363130663565313934343562643364623636
39373336626362366530363630343936653137663236373439393532663834396630346662633262
37643932313734303530343936396137306365326138356562623935373165643932343361343234
34306334316134636338343233346332303637336437366564323836623036393037656132366365
63353433373163396264326665636436353464636661626335303439663333303633643439633361
38376465333331393363333234373338653066383664356561363861353138323435363130663331
38386531663431306633636138666434353464333434396233343032663631346230313535306138
66306634363231393030653138356661316438396362633733313062316531383764313664366633
37653866373330663661353639306465643030363634666233653138643536653439313961663334
31646236373861323338613634353162346535363637616632326534666539306538653134353635
61313732323232303066303038393361663337356261633161303839626132303364623564326638
65653731343739653634646534303836373334366535373939333339343131316330343662633932
31373033613561343033343964313461323737363862373030326564393161396637333234373862
66366138336233333661353839343064353862326133353930383161306132663630303833623037
66373132303331346334376464353361366461636438666236623433633164623763663961316164
64346663626530373964363062643065623565336362326664396266303764313035613862643466
64626632633438366630383464323934366238623736356634326633326535393838643433316237
31393730316133653662353036343136626135646266653266386664386362383061646233313163
32343162316465303639373261316334303230313839343833363539623633303265636433373061
38623833663537386235623635333837663635663831666163366665333766623132386334396131
34336162313439643562306530346263343630613861663463663835666533633932376235363162
62323466343762353738346634613738643463613332643366356239326631666265343235366134
64333135666339326331326138393865616430366435613165333936343238366665346631323135
39363662663766663066383165626564363931646134313462383563383831306332613634633634
37656537643032663033333234393039313963343430663761636464333262386236616534616535
37646561346634626565656537376663396264666561316131613833633330306665386561373835
35376530316233316630643861383238346639326439653066366534643865356435666135353663
31306338643130656661346237386631316135643331303430616363366330626335663337386565
39376531326438376332376630653731313163393235653335653534306662313063616463663834
64373434653135323634363864376238383330353535613836633831656338653862393434343834
65343162313635383761313333343737363536393861313462343130386338373232366137623039
62313937313133373731356665393539383932616434363934626562353237333462626139623230
37616130623862626431393365323035366264303430313033653462363636623939326635356137
32393837646666373038313239336236616138653434323736333864393961616131336137313763
30333837356133633361623265313139373438636432386334383465306565633933646163656431
35316264346563616531663639323534353532313836623166393265313336626363306166633136
35313566373966656138383637333162373236366336633237636461323764386335393166303861
62393963386333666665636130386664343632386662393335636135356539356431353935633762
32316537633735613430363864303663386261326163303766643431363832383839623965623735
66336464623864303763626235393432393235613233313163326130333434646564346534663937
38623863636431353562666464643138663737346531643464636437646262333561346531333665
65353737396639343964396438626465333561633434343833393964366536336362623565396162
63346536363933643931333936643930373030383832333865643665383932633831326438313934
39663130363464353431383838306563303033663936653234666563323637333166393665313435
65323266353337376364346464333064356138376639333265353836643737633233383861366161
62653866393166656366396134356565376538363065373837323362353236653066333738363333
38356361656233633631333265623730633661316236386435613135346465643863626233343439
34336330633163636263303035323261333736376232666266333431336234303434363435373333
66653237306364383565373634366235343035626463386537663565643331323139636436313739
63376361333630666234343364653132646333316536633564343534303033396533356664303339
65323530653134393238633734343161636530666366363934383431656535313562303838653134
62383361313037363362363163646331306564373762343837333930613730383665633462626164
66663235666238666532663462643130353934643664646536343438393037653065366637666561
35356630633935306536373764643839383332623966393964346464626363303536323362353666
34333934343539653835666663663430316337323936633935353863616434656663303736346336
37396233376265656365363364373362333664633737336534393033653063373034343034303332
34323935373737643632656330313962653330623731653366343339323037656661656137353333
66653464643764663233333466663131633761643230396336663035383966373231373433356636
36653932343865383261613437366262343831656130323963343431626138646132663236353161
66343734613933346565643736333962666436303535613237373136303733326332333762313139
38393736653134636132346236303538363430393461666434633062393532346537373936316338
37616339636535393137646531396265383465386462653663363330336363346331323932666438
34396639316334316661353039643237376266626562656265616130323434633339383433336666
61643131313135643634663733643361663431633462363133383237306162326532373964303965
36623265323537346134376632666138353863383338363635373261653431346134383932326230
38643536646565646430383035316236633133306537333236623036626236323833663939663037
38623032373337376539653433386533653734633164376465623439346261323062393562666137
66666531653264313964356338646236346364333938616264313633376632643132303863303832
65626463613761613338646561656335323133396233623730663136656133636233356630663866
63306664353430613134333839663230353137333331386337653539356530633164626263356664
37313166376135363132366163333332316339356439393862383736623932323632303933383965
39383766373266336163303932636563373763653038313636346364373236623063643631646265
65323133303832333464373065353739353033336439393665373337363265346464613463366362
36303937306566636563366632303731626563613738626231633939653934643234376133656332
65303765333539306162623731656633666536393531393564313836613933373763383963643261
39386562613434666639393461346266383730386338353137376166366432303163336664306562
34366236373335336235366233633964636561376436323664356665396137343566663332346239
35383861636439626439346362363238336432383961643261613133663066363062623261353039
39346637333662643233636334643931333934333432653766633963333563633165333666343966
61643935363531323966333833383761313635646462303864373632616261306136353335383261
66376239323464363432356561663963383235616565633035366434363139663264643763326532
31383336623032623637303833323634623034376131616138373036376266353438306661323436
33646432323664653666633663313239313439366331633961613535353136626331633738663666
64393861653062383833366666373861613236383238646338306466323933393239383230366366
64353665386433396263376461626635376335613065643763666436613332626164333332623339
36376333653638653966633039356337333961636434636335386264356435326333373331313564
61656634636239363739393833373063366464393933666565616539343065313738636463383637
39623636653064643564316330613061336137383137323535313034663137323765323936663235
66386135323262306465353763353638353230303065343039623339363164313931623862386336
65326462623066376333663636643038613566346132353334663537373637643966313533313734
36613963623763363839353464666531623565623935333634393939393166323133643861623030
37633035383239376136356162373562343961656366383034343139363637376663646237666261
31336463653764336166393462656664333865646632383436646464633431306562313032636262
35666363383962336336396235633334626464323362376631363135386562356236393735616236
61343037323239643664643535623264373530663332613730633966343263616232383737373232
35376132326438316538656666336434393337316463663466316231313362666665623432353261
63326166366635383565653866613830356339663035623863616438343762616239323234613538
62313561626362343565383563663165383666306464656562386436623733326136613738613563
39343738353735323531376263306635353962383431653835666165613130306638303461663461
62353931333034656462323339373232616635346139383336666634316466343838353633373664
38303432613434653266306637666339643239656231393635356435303433303062373838333039
38366332363730303165373233323633353263363430306236626462613435353835613733636230
33623836363335366339356235646261666563393937353337346562323338316332653636393539
37333434316331346465646239303138653032323466366565303430323766343237636462633631
33653937616262306439623361623161613661306635636132633438373466633838623631613466
31313235633862333231326537663231623665333431383633346639386538396430313464343837
37373838343564643963303066376334326633303262653136343066653633373731666633613464
66316662353564343233313566633934653933383639343561643431633763346463326264346232
34616135653764633965356436626563313263396636616364663863313762636162306535613263
33653731323738653866613139353339326666643034666433306339633133663732346166333539
31646563393436623935636462643138653362303862633063313561326263626236663430343535
64366563316266633031386234343030353837326135323338306138303739613632316236313434
64636430366534353163643833663665376661316136323032393331323336623963396234323561
39393166336662613438633065363434363832313665636265613832316463626464323662383166
30616336633766313765386464366336643932666237313163336230316631363236373734633537
66323465633036376539323836383938323439646664646132643334383865633065386636313635
65346232353533303036353037333838623431386163316234663330346434373339636262383436
30613533363139386130303232656638356361616530353339646436303965313435633436616630
31363765633133616631366339653839343130333139376232666566366133313464396338316338
38663638363436633861646435666166393135323666646631356262613065616162363230633766
38623239363532393663666233303531623237646131363964376465633638333133353031663236
33356563663332383664366237616463336530626163636131663438306132313466666635386232
39316166336230666166303437663465633137636532613866313739383833623764363031366235
62643662376338393737613762643836633432643939643937333064336164353533303638356331
34626364653938333564646333636162376266303238313961363638633738373838386361306163
34656261393432383861326462663266623761386236333539363938363037663830393737393133
64313439616631623562386663656466643766626661666331663531626637613335663063643534
36663364623635653130636135656262313664393330303962363936353730323032626435366638
31383466353066643761353238316334383332633034396537366539393030383465386539303333
38343532306362316339623737646136373936636133303965636136363336623962666530316334
39346362653466653065653364353139666130326261656336333238373665363833306635393663
33323835383438306335653766653436313735633163306531616563643836623162663731323635
36613764656236626636383562623736336162636664626566623665633239396539376238623531
30306232623961323030383434393930393931306466613035326232373064383830646539643136
35323066303138346639346434323733623335363462383730386630313138363431666431656632
61326433643961353336616566633461313433373135303631386438383363323366653634383831
62336163346532346161623563376435376162386632626130333335656362333639633738326335
38633064666366633233363537376461373935303739333735336530303437386665346331303637
36363035323139363461666232366233343536363761326132353438343966646137333264623532
39623335313865323461346666313466313535626130623265653332303965626663323630623532
62336136376531343563373736663230333465633363353661356330626361613763376138386434
37393964353732353764346362373231373235346133363764623761623638326333326537636131
64356361313966666334363563643863356431643134643038633363373930363435623961383335
63353133393636386637663239386338333132663866323065373931323761616531646462396133
31333131656562633831353839323363373562393334333132636432363034343161623734313330
31366339336138303661326232393437366163346261666332373333643431616430616634633165
35393461636231393863383663666436613062666165656364313064646663353064646138313931
37396364623434373737343065333132656363623239323533663464656335356361343431656264
61613638323031326635613832376531303433663332333330346232326430323365376363313332
36643134356634646635333031653663363630383734663865316336653432326433353732316664
36373435616131643930386164363966626535366237346664303963303139643839336666636632
37386333393661343537663066363664663061393135343538663636303036353162313137363237
66653435623132363262363632353733333530336261656264303866396534306234636431356431
66363632636333656361386437346330356636316436326431376631393931376166643933653631
65653033306465636266663137666161613066656434396530623065313664663365646661343863
38353435333537366137313935306236623066333939323439653031393530323261343530306433
32663636373534303764366337303637393436626266633966663335333065326332316230313765
31373634363466313236363564363862646631346364323038353562656133366665643633653466
66636130653633616431343430393137383537353061303461356637373534663633313330336234
64373134393633356330656230653236653863353535376333633739353630623136393136383964
65666632313936666439363662353335326637363637353533303165316638326438326530333838
30333362653661376332393438386463396234333232346635343732306239383138383439633939
61643331633863616363336366653638303361343465393431386639383134653235326433316432
35353530313839393635353930643330393636383538656363363063346531373665636538303565
36386530363834373231616230653862376563313762643265366532613864326166343934333639
39373565353336656337353264383139616436306633663434396137396331316332626665313636
64643833653134323965316661343536383035373961616336623337663934663633633432363630
38346264376665613736356436316432363330616439613635303636333062393631376166346363
36623664346566626166353061636138316635613764663162386338643766323964623337393936
30636136306233303232623533643462383639386332313366626536326332636230613135306665
39383762666461356237376133656462353732616632303436326533333434383561633937633062
30393031666233623635666639376365336238623336326465643633633865306138393564363131
32306334353736646231323537656637626464663464343462633262333331656137333035653538
30383434613962353533663935616262633964356334323862306436356132336637646438336634
32636262343164376161386662643130323232363532313538396162623234616133356337373835
34643366383232623132366139353165626536373130373631633335303563613030373131373135
62666464643933633634663065383262393132366132386138356336356539373036373538376364
66343737666638396238323266663437383462663736303734363536633634613638396637663061
64386234396365356630623634666565653464383835613430643034313263353233323466636161
30376533656234633063616663333663656531373834656534346432376362343935316661393566
37623263343033613236353138613836393265313765636133306666653866383236613837653135
39626635633261666232343330303161343662633730373138346638393735353437643039386339
38316531663235643332333363366137333535343365373461333133306530313561636365323837
63333239626261366232656262336630346338643830396139623532326238643462633034376663
32633138656233373934356162373366343938373236663834316564323366613235336537373535
38313833613933613032636530303335323534626366663966336632313266346239356334666436
30333339613036313034306131313838363935306662333537663037333236303837653663303262
36386232373165386634303238333764303439643163393261396134303630316131343031396430
35316638306161393366306130633334373931333437626366643734373063316265616338653263
63646138356234316336373262336665356331636132343938616330633330343836363735643832
31636431653739393363643638346334653263663562633766616136396236663865393739386230
39366133613936613565333839663565313935376330653064663635386531653438623266323139
32333936343434623130343232323431373330376130333861303163303033333665393030643136
33343538303933393731336533643730636365326162306234613334346432643435303765333639
39636230386131323130323135353261343766396663656464613730613536663565633334323664
32383337396639303765356637323362326137383633343635666539326261326566336439393737
35373434353037386165396330663137333530643737326162613735366164366236396561633537
35343439396336366439383639613839643565303738376233313931623536373735353064363230
63643736336135633034303838356434373139623537366164343364303864376163613937306662
31333034653938396637396631316561666439363137323238393264626538343233313338383834
66303032646466363330366165646533663130313564333265653037636430393066656236643934
66373962333862633833636431623433343635316230346236353333386137643038323537363130
62656163636533626531396464336131353930633032633434313033393363653461626637376335
63333562306236336139393530336633336335656532386166343461363832666233336337363763
61616236393231383830373437323132336332646336396138336365303833303936343561393233
34346663663265343364353532386137396635623032393939303437653434323462343438663734
62623837316633396539373632333637306466303561363835326431613461353939636431386437
34326338323331636336633030356265343566373463346232393435373533343338323664396562
30626636316631393865313935663930313861616530323064326632313763323332306164623166
37313739326464653238646337396638666332353531636263653936393036326630376665363939
63303233363138326466313037343639373139613737363538323866396538656335313134303863
37633064633039333839633562656461363866666166373731623638633266306539316335383164
62326466396261333232346364323032336338303437623463333635663035386464393934363439
35343138353337386534303334323966643039383638613938633939653130306332343636363466
62613162303636656635666531653062363339326531363938333065313865366639633464323432
30623866383238666166626663323562663164366439333432616330366162363834613839343261
38313564333930646361386437373330306533666635393561653436313665393732306634316131
31383862363638386239643439636161346530383762313032653761363634636133643632393566
35336265383234626230653532363731383339376432356534643935663565336666646664303231
32633635303631636438656337623536326165656163313965336137356336643633396635303562
31663266666661373564616364323966326236643837336264366338373635613663663233303338
63633666333739346162643533633335613530303261323863326263386636613563663566613266
37663930396230393364326663646138323636646161626131383532303536663332393439633461
66393939373730663933653239383733376365383337386337343233366137306663306566316331
36326666346337333238386334353931646238646163316264633039353738373636376130383461
64333534346533336133363438346532313965656138306234626235393130643233373631613238
33643136646631346634626236356135646463336337333363643461623435386436
